locations:
- ==: org.bukkit.Location
  world: world
  x: -202.37578411684515
  y: 14.620000000000001
  z: 470.436386207495
  pitch: 33.300003
  yaw: 158.91779
- ==: org.bukkit.Location
  world: lobby
  x: 238.42043534046888
  y: 68.495
  z: 1326.5619533868964
  pitch: 2.099992
  yaw: -1.0500488
